1 0.766044 0.642788 0.000000 0.000000 0.000000 -0.811160 1.158456 1 0001.jpg

2 0.707733 0.593858 -0.245984 0.293153 -0.707107 -0.862020 0.870013 1 0002.jpg

3 0.541675 0.454519 -0.454519 0.541675 -1.000000 -0.984808 0.173648 1 0003.jpg

4 0.293153 0.245984 -0.593858 0.707733 -0.707107 -1.107596 -0.522716 1 0004.jpg

5 -0.000000 -0.000000 -0.642788 0.766044 0.000000 -1.158456 -0.811160 1 0005.jpg

6 -0.293153 -0.245984 -0.593858 0.707733 0.707107 -1.107596 -0.522716 1 0006.jpg

7 -0.541675 -0.454519 -0.454519 0.541675 1.000000 -0.984808 0.173648 1 0007.jpg

8 -0.707733 -0.593858 -0.245984 0.293153 0.707107 -0.862020 0.870012 1 0008.jpg

9 0.766044 0.642788 0.000000 0.000000 0.000000 -0.828524 1.059975 1 0009.jpg

10 0.707733 0.593858 -0.245984 0.293153 -0.636396 -0.874299 0.800376 1 0010.jpg

11 0.541675 0.454519 -0.454519 0.541675 -0.900000 -0.984808 0.173648 1 0011.jpg

12 0.293153 0.245984 -0.593858 0.707733 -0.636396 -1.095317 -0.453080 1 0012.jpg

13 -0.000000 -0.000000 -0.642788 0.766044 0.000000 -1.141091 -0.712679 1 0013.jpg

14 -0.293153 -0.245984 -0.593858 0.707733 0.636396 -1.095317 -0.453080 1 0014.jpg

15 -0.541675 -0.454519 -0.454519 0.541675 0.900000 -0.984808 0.173648 1 0015.jpg

16 -0.707733 -0.593858 -0.245984 0.293153 0.636396 -0.874299 0.800376 1 0016.jpg

17 0.766044 0.642788 0.000000 0.000000 0.000000 -0.845889 0.961495 1 0017.jpg

18 0.707733 0.593858 -0.245984 0.293153 -0.565685 -0.886578 0.730740 1 0018.jpg

19 0.541675 0.454519 -0.454519 0.541675 -0.800000 -0.984808 0.173648 1 0019.jpg

20 0.293153 0.245984 -0.593858 0.707733 -0.565685 -1.083038 -0.383443 1 0020.jpg

21 -0.000000 -0.000000 -0.642788 0.766044 0.000000 -1.123726 -0.614198 1 0021.jpg

22 -0.293153 -0.245984 -0.593858 0.707733 0.565685 -1.083038 -0.383443 1 0022.jpg

23 -0.541675 -0.454519 -0.454519 0.541675 0.800000 -0.984808 0.173648 1 0023.jpg

24 -0.707733 -0.593858 -0.245984 0.293153 0.565686 -0.886578 0.730740 1 0024.jpg

25 0.766044 0.642788 0.000000 0.000000 0.000000 -0.863254 0.863014 1 0025.jpg

26 0.707733 0.593858 -0.245984 0.293153 -0.494975 -0.898856 0.661103 1 0026.jpg

27 0.541675 0.454519 -0.454519 0.541675 -0.700000 -0.984808 0.173648 1 0027.jpg

28 0.293153 0.245984 -0.593858 0.707733 -0.494975 -1.070759 -0.313807 1 0028.jpg

29 -0.000000 -0.000000 -0.642788 0.766044 0.000000 -1.106362 -0.515717 1 0029.jpg

30 -0.293153 -0.245984 -0.593858 0.707733 0.494975 -1.070759 -0.313807 1 0030.jpg

31 -0.541675 -0.454519 -0.454519 0.541675 0.700000 -0.984808 0.173648 1 0031.jpg

32 -0.707733 -0.593858 -0.245984 0.293153 0.494975 -0.898856 0.661103 1 0032.jpg

33 0.766044 0.642788 0.000000 0.000000 0.000000 -0.880619 0.764533 1 0033.jpg

34 0.707733 0.593858 -0.245984 0.293153 -0.424264 -0.911135 0.591467 1 0034.jpg

35 0.541675 0.454519 -0.454519 0.541675 -0.600000 -0.984808 0.173648 1 0035.jpg

36 0.293153 0.245984 -0.593858 0.707733 -0.424264 -1.058481 -0.244170 1 0036.jpg

37 -0.000000 -0.000000 -0.642788 0.766044 0.000000 -1.088997 -0.417237 1 0037.jpg

38 -0.293153 -0.245984 -0.593858 0.707733 0.424264 -1.058481 -0.244170 1 0038.jpg

39 -0.541675 -0.454519 -0.454519 0.541675 0.600000 -0.984808 0.173648 1 0039.jpg

40 -0.707733 -0.593858 -0.245984 0.293153 0.424264 -0.911135 0.591467 1 0040.jpg

41 0.766044 0.642788 0.000000 0.000000 0.000000 -0.897984 0.666052 1 0041.jpg

42 0.707733 0.593858 -0.245984 0.293153 -0.353553 -0.923414 0.521830 1 0042.jpg

43 0.541675 0.454519 -0.454519 0.541675 -0.500000 -0.984808 0.173648 1 0043.jpg

44 0.293153 0.245984 -0.593858 0.707733 -0.353553 -1.046202 -0.174534 1 0044.jpg

45 -0.000000 -0.000000 -0.642788 0.766044 0.000000 -1.071632 -0.318756 1 0045.jpg

46 -0.293153 -0.245984 -0.593858 0.707733 0.353553 -1.046202 -0.174534 1 0046.jpg

47 -0.541675 -0.454519 -0.454519 0.541675 0.500000 -0.984808 0.173648 1 0047.jpg

48 -0.707733 -0.593858 -0.245984 0.293153 0.353553 -0.923414 0.521830 1 0048.jpg

49 0.766044 0.642788 0.000000 0.000000 0.000000 -0.915349 0.567571 1 0049.jpg

50 0.707733 0.593858 -0.245984 0.293153 -0.282843 -0.935693 0.452194 1 0050.jpg

51 0.541675 0.454519 -0.454519 0.541675 -0.400000 -0.984808 0.173648 1 0051.jpg

52 0.293153 0.245984 -0.593858 0.707733 -0.282843 -1.033923 -0.104897 1 0052.jpg

53 -0.000000 -0.000000 -0.642788 0.766044 0.000000 -1.054267 -0.220275 1 0053.jpg

54 -0.293153 -0.245984 -0.593858 0.707733 0.282843 -1.033923 -0.104897 1 0054.jpg

55 -0.541675 -0.454519 -0.454519 0.541675 0.400000 -0.984808 0.173648 1 0055.jpg

56 -0.707733 -0.593858 -0.245984 0.293153 0.282843 -0.935693 0.452194 1 0056.jpg

57 0.766044 0.642788 0.000000 0.000000 0.000000 -0.932713 0.469091 1 0057.jpg

58 0.707733 0.593858 -0.245984 0.293153 -0.212132 -0.947971 0.382558 1 0058.jpg

59 0.541675 0.454519 -0.454519 0.541675 -0.300000 -0.984808 0.173648 1 0059.jpg

60 0.293153 0.245984 -0.593858 0.707733 -0.212132 -1.021644 -0.035261 1 0060.jpg

61 -0.000000 -0.000000 -0.642788 0.766044 0.000000 -1.036902 -0.121794 1 0061.jpg

62 -0.293153 -0.245984 -0.593858 0.707733 0.212132 -1.021644 -0.035261 1 0062.jpg

63 -0.541675 -0.454519 -0.454519 0.541675 0.300000 -0.984808 0.173648 1 0063.jpg

64 -0.707733 -0.593858 -0.245984 0.293153 0.212132 -0.947972 0.382557 1 0064.jpg

65 0.766044 0.642788 0.000000 0.000000 0.000000 -0.950078 0.370610 1 0065.jpg

66 0.707733 0.593858 -0.245984 0.293153 -0.141421 -0.960250 0.312921 1 0066.jpg

67 0.541675 0.454519 -0.454519 0.541675 -0.200000 -0.984808 0.173648 1 0067.jpg

68 0.293153 0.245984 -0.593858 0.707733 -0.141421 -1.009365 0.034375 1 0068.jpg

69 -0.000000 -0.000000 -0.642788 0.766044 0.000000 -1.019537 -0.023313 1 0069.jpg

70 -0.293153 -0.245984 -0.593858 0.707733 0.141421 -1.009365 0.034375 1 0070.jpg

71 -0.541675 -0.454519 -0.454519 0.541675 0.200000 -0.984808 0.173648 1 0071.jpg

72 -0.707733 -0.593858 -0.245984 0.293153 0.141421 -0.960250 0.312921 1 0072.jpg

73 0.766044 0.642788 0.000000 0.000000 0.000000 -0.967443 0.272129 1 0073.jpg

74 0.707733 0.593858 -0.245984 0.293153 -0.070711 -0.972529 0.243285 1 0074.jpg

75 0.541675 0.454519 -0.454519 0.541675 -0.100000 -0.984808 0.173648 1 0075.jpg

76 0.293153 0.245984 -0.593858 0.707733 -0.070711 -0.997087 0.104012 1 0076.jpg

77 -0.000000 -0.000000 -0.642788 0.766044 0.000000 -1.002173 0.075167 1 0077.jpg

78 -0.293153 -0.245984 -0.593858 0.707733 0.070711 -0.997087 0.104012 1 0078.jpg

79 -0.541675 -0.454519 -0.454519 0.541675 0.100000 -0.984808 0.173648 1 0079.jpg

80 -0.707733 -0.593858 -0.245984 0.293153 0.070711 -0.972529 0.243285 1 0080.jpg

81 0.766044 0.642788 0.000000 0.000000 0.000000 -0.984808 0.173648 1 0081.jpg

82 0.707733 0.593858 -0.245984 0.293153 -0.000000 -0.984808 0.173648 1 0082.jpg

83 0.541675 0.454519 -0.454519 0.541675 -0.000000 -0.984808 0.173648 1 0083.jpg

84 0.293153 0.245984 -0.593858 0.707733 -0.000000 -0.984808 0.173648 1 0084.jpg

85 -0.000000 -0.000000 -0.642788 0.766044 0.000000 -0.984808 0.173648 1 0085.jpg

86 -0.293153 -0.245984 -0.593858 0.707733 0.000000 -0.984808 0.173648 1 0086.jpg

87 -0.541675 -0.454519 -0.454519 0.541675 0.000000 -0.984808 0.173648 1 0087.jpg

88 -0.707733 -0.593858 -0.245984 0.293153 0.000000 -0.984808 0.173648 1 0088.jpg

89 0.766044 0.642788 0.000000 0.000000 0.000000 -1.002173 0.075167 1 0089.jpg

90 0.707733 0.593858 -0.245984 0.293153 0.070711 -0.997087 0.104012 1 0090.jpg

91 0.541675 0.454519 -0.454519 0.541675 0.100000 -0.984808 0.173648 1 0091.jpg

92 0.293153 0.245984 -0.593858 0.707733 0.070711 -0.972529 0.243285 1 0092.jpg

93 -0.000000 -0.000000 -0.642788 0.766044 -0.000000 -0.967443 0.272129 1 0093.jpg

94 -0.293153 -0.245984 -0.593858 0.707733 -0.070711 -0.972529 0.243285 1 0094.jpg

95 -0.541675 -0.454519 -0.454519 0.541675 -0.100000 -0.984808 0.173648 1 0095.jpg

96 -0.707733 -0.593858 -0.245984 0.293153 -0.070711 -0.997087 0.104012 1 0096.jpg

97 0.766044 0.642788 0.000000 0.000000 0.000000 -1.019537 -0.023313 1 0097.jpg

98 0.707733 0.593858 -0.245984 0.293153 0.141421 -1.009365 0.034375 1 0098.jpg

99 0.541675 0.454519 -0.454519 0.541675 0.200000 -0.984808 0.173648 1 0099.jpg

100 0.293153 0.245984 -0.593858 0.707733 0.141421 -0.960250 0.312921 1 0100.jpg

101 -0.000000 -0.000000 -0.642788 0.766044 -0.000000 -0.950078 0.370610 1 0101.jpg

102 -0.293153 -0.245984 -0.593858 0.707733 -0.141421 -0.960250 0.312921 1 0102.jpg

103 -0.541675 -0.454519 -0.454519 0.541675 -0.200000 -0.984808 0.173648 1 0103.jpg

104 -0.707733 -0.593858 -0.245984 0.293153 -0.141421 -1.009365 0.034375 1 0104.jpg

105 0.766044 0.642788 0.000000 0.000000 0.000000 -1.036902 -0.121794 1 0105.jpg

106 0.707733 0.593858 -0.245984 0.293153 0.212132 -1.021644 -0.035261 1 0106.jpg

107 0.541675 0.454519 -0.454519 0.541675 0.300000 -0.984808 0.173648 1 0107.jpg

108 0.293153 0.245984 -0.593858 0.707733 0.212132 -0.947971 0.382558 1 0108.jpg

109 -0.000000 -0.000000 -0.642788 0.766044 -0.000000 -0.932713 0.469091 1 0109.jpg

110 -0.293153 -0.245984 -0.593858 0.707733 -0.212132 -0.947972 0.382558 1 0110.jpg

111 -0.541675 -0.454519 -0.454519 0.541675 -0.300000 -0.984808 0.173648 1 0111.jpg

112 -0.707733 -0.593858 -0.245984 0.293153 -0.212132 -1.021644 -0.035261 1 0112.jpg

113 0.766044 0.642788 0.000000 0.000000 0.000000 -1.054267 -0.220275 1 0113.jpg

114 0.707733 0.593858 -0.245984 0.293153 0.282843 -1.033923 -0.104897 1 0114.jpg

115 0.541675 0.454519 -0.454519 0.541675 0.400000 -0.984808 0.173648 1 0115.jpg

116 0.293153 0.245984 -0.593858 0.707733 0.282843 -0.935693 0.452194 1 0116.jpg

117 -0.000000 -0.000000 -0.642788 0.766044 -0.000000 -0.915349 0.567571 1 0117.jpg

118 -0.293153 -0.245984 -0.593858 0.707733 -0.282843 -0.935693 0.452194 1 0118.jpg

119 -0.541675 -0.454519 -0.454519 0.541675 -0.400000 -0.984808 0.173648 1 0119.jpg

120 -0.707733 -0.593858 -0.245984 0.293153 -0.282843 -1.033923 -0.104897 1 0120.jpg

121 0.766044 0.642788 0.000000 0.000000 0.000000 -1.071632 -0.318756 1 0121.jpg

122 0.707733 0.593858 -0.245984 0.293153 0.353553 -1.046202 -0.174534 1 0122.jpg

123 0.541675 0.454519 -0.454519 0.541675 0.500000 -0.984808 0.173648 1 0123.jpg

124 0.293153 0.245984 -0.593858 0.707733 0.353553 -0.923414 0.521830 1 0124.jpg

125 -0.000000 -0.000000 -0.642788 0.766044 -0.000000 -0.897984 0.666052 1 0125.jpg

126 -0.293153 -0.245984 -0.593858 0.707733 -0.353553 -0.923414 0.521830 1 0126.jpg

127 -0.541675 -0.454519 -0.454519 0.541675 -0.500000 -0.984808 0.173648 1 0127.jpg

128 -0.707733 -0.593858 -0.245984 0.293153 -0.353553 -1.046202 -0.174534 1 0128.jpg

129 0.766044 0.642788 0.000000 0.000000 0.000000 -1.088997 -0.417237 1 0129.jpg

130 0.707733 0.593858 -0.245984 0.293153 0.424264 -1.058481 -0.244170 1 0130.jpg

131 0.541675 0.454519 -0.454519 0.541675 0.600000 -0.984808 0.173648 1 0131.jpg

132 0.293153 0.245984 -0.593858 0.707733 0.424264 -0.911135 0.591467 1 0132.jpg

133 -0.000000 -0.000000 -0.642788 0.766044 -0.000000 -0.880619 0.764533 1 0133.jpg

134 -0.293153 -0.245984 -0.593858 0.707733 -0.424264 -0.911135 0.591467 1 0134.jpg

135 -0.541675 -0.454519 -0.454519 0.541675 -0.600000 -0.984808 0.173648 1 0135.jpg

136 -0.707733 -0.593858 -0.245984 0.293153 -0.424264 -1.058481 -0.244170 1 0136.jpg

137 0.766044 0.642788 0.000000 0.000000 0.000000 -1.106362 -0.515717 1 0137.jpg

138 0.707733 0.593858 -0.245984 0.293153 0.494975 -1.070759 -0.313807 1 0138.jpg

139 0.541675 0.454519 -0.454519 0.541675 0.700000 -0.984808 0.173648 1 0139.jpg

140 0.293153 0.245984 -0.593858 0.707733 0.494975 -0.898856 0.661103 1 0140.jpg

141 -0.000000 -0.000000 -0.642788 0.766044 -0.000000 -0.863254 0.863014 1 0141.jpg

142 -0.293153 -0.245984 -0.593858 0.707733 -0.494975 -0.898856 0.661103 1 0142.jpg

143 -0.541675 -0.454519 -0.454519 0.541675 -0.700000 -0.984808 0.173648 1 0143.jpg

144 -0.707733 -0.593858 -0.245984 0.293153 -0.494975 -1.070759 -0.313807 1 0144.jpg

145 0.766044 0.642788 0.000000 0.000000 0.000000 -1.123726 -0.614198 1 0145.jpg

146 0.707733 0.593858 -0.245984 0.293153 0.565685 -1.083038 -0.383443 1 0146.jpg

147 0.541675 0.454519 -0.454519 0.541675 0.800000 -0.984808 0.173648 1 0147.jpg

148 0.293153 0.245984 -0.593858 0.707733 0.565685 -0.886578 0.730740 1 0148.jpg

149 -0.000000 -0.000000 -0.642788 0.766044 -0.000000 -0.845889 0.961495 1 0149.jpg

150 -0.293153 -0.245984 -0.593858 0.707733 -0.565685 -0.886578 0.730740 1 0150.jpg

151 -0.541675 -0.454519 -0.454519 0.541675 -0.800000 -0.984808 0.173648 1 0151.jpg

152 -0.707733 -0.593858 -0.245984 0.293153 -0.565686 -1.083038 -0.383443 1 0152.jpg

153 0.766044 0.642788 0.000000 0.000000 0.000000 -1.141091 -0.712679 1 0153.jpg

154 0.707733 0.593858 -0.245984 0.293153 0.636396 -1.095317 -0.453080 1 0154.jpg

155 0.541675 0.454519 -0.454519 0.541675 0.900000 -0.984808 0.173648 1 0155.jpg

156 0.293153 0.245984 -0.593858 0.707733 0.636396 -0.874299 0.800376 1 0156.jpg

157 -0.000000 -0.000000 -0.642788 0.766044 -0.000000 -0.828524 1.059975 1 0157.jpg

158 -0.293153 -0.245984 -0.593858 0.707733 -0.636396 -0.874299 0.800376 1 0158.jpg

159 -0.541675 -0.454519 -0.454519 0.541675 -0.900000 -0.984808 0.173648 1 0159.jpg

160 -0.707733 -0.593858 -0.245984 0.293153 -0.636396 -1.095317 -0.453079 1 0160.jpg

161 0.766044 0.642788 0.000000 0.000000 0.000000 -1.158456 -0.811160 1 0161.jpg

162 0.707733 0.593858 -0.245984 0.293153 0.707107 -1.107596 -0.522716 1 0162.jpg

163 0.541675 0.454519 -0.454519 0.541675 1.000000 -0.984808 0.173648 1 0163.jpg

164 0.293153 0.245984 -0.593858 0.707733 0.707107 -0.862020 0.870013 1 0164.jpg

165 -0.000000 -0.000000 -0.642788 0.766044 -0.000000 -0.811160 1.158456 1 0165.jpg

166 -0.293153 -0.245984 -0.593858 0.707733 -0.707107 -0.862020 0.870013 1 0166.jpg

167 -0.541675 -0.454519 -0.454519 0.541675 -1.000000 -0.984808 0.173648 1 0167.jpg

168 -0.707733 -0.593858 -0.245984 0.293153 -0.707107 -1.107596 -0.522716 1 0168.jpg

169 0.766044 0.642788 0.000000 0.000000 0.000000 -1.175821 -0.909640 1 0169.jpg

170 0.707733 0.593858 -0.245984 0.293153 0.777818 -1.119874 -0.592353 1 0170.jpg

171 0.541675 0.454519 -0.454519 0.541675 1.100000 -0.984808 0.173648 1 0171.jpg

172 0.293153 0.245984 -0.593858 0.707733 0.777818 -0.849741 0.939649 1 0172.jpg

173 -0.000000 -0.000000 -0.642788 0.766044 -0.000000 -0.793795 1.256937 1 0173.jpg

174 -0.293153 -0.245984 -0.593858 0.707733 -0.777817 -0.849741 0.939649 1 0174.jpg

175 -0.541675 -0.454519 -0.454519 0.541675 -1.100000 -0.984808 0.173648 1 0175.jpg

176 -0.707733 -0.593858 -0.245984 0.293153 -0.777818 -1.119874 -0.592352 1 0176.jpg

177 0.766044 0.642788 0.000000 0.000000 0.000000 -1.193186 -1.008121 1 0177.jpg

178 0.707733 0.593858 -0.245984 0.293153 0.848528 -1.132153 -0.661989 1 0178.jpg

179 0.541675 0.454519 -0.454519 0.541675 1.200000 -0.984808 0.173648 1 0179.jpg

180 0.293153 0.245984 -0.593858 0.707733 0.848528 -0.837462 1.009285 1 0180.jpg

181 -0.000000 -0.000000 -0.642788 0.766044 -0.000000 -0.776430 1.355418 1 0181.jpg

182 -0.293153 -0.245984 -0.593858 0.707733 -0.848528 -0.837462 1.009285 1 0182.jpg

183 -0.541675 -0.454519 -0.454519 0.541675 -1.200000 -0.984808 0.173648 1 0183.jpg

184 -0.707733 -0.593858 -0.245984 0.293153 -0.848528 -1.132153 -0.661989 1 0184.jpg

185 0.766044 0.642788 0.000000 0.000000 0.000000 -1.210551 -1.106602 1 0185.jpg

186 0.707733 0.593858 -0.245984 0.293153 0.919239 -1.144432 -0.731625 1 0186.jpg

187 0.541675 0.454519 -0.454519 0.541675 1.300000 -0.984808 0.173648 1 0187.jpg

188 0.293153 0.245984 -0.593858 0.707733 0.919239 -0.825184 1.078922 1 0188.jpg

189 -0.000000 -0.000000 -0.642788 0.766044 -0.000000 -0.759065 1.453898 1 0189.jpg

190 -0.293153 -0.245984 -0.593858 0.707733 -0.919239 -0.825184 1.078922 1 0190.jpg

191 -0.541675 -0.454519 -0.454519 0.541675 -1.300000 -0.984808 0.173648 1 0191.jpg

192 -0.707733 -0.593858 -0.245984 0.293153 -0.919239 -1.144432 -0.731625 1 0192.jpg

193 0.766044 0.642788 0.000000 0.000000 0.000000 -1.227915 -1.205083 1 0193.jpg

194 0.707733 0.593858 -0.245984 0.293153 0.989950 -1.156711 -0.801262 1 0194.jpg

195 0.541675 0.454519 -0.454519 0.541675 1.400000 -0.984808 0.173648 1 0195.jpg

196 0.293153 0.245984 -0.593858 0.707733 0.989950 -0.812905 1.148558 1 0196.jpg

197 -0.000000 -0.000000 -0.642788 0.766044 -0.000000 -0.741700 1.552379 1 0197.jpg

198 -0.293153 -0.245984 -0.593858 0.707733 -0.989949 -0.812905 1.148558 1 0198.jpg

199 -0.541675 -0.454519 -0.454519 0.541675 -1.400000 -0.984808 0.173648 1 0199.jpg

200 -0.707733 -0.593858 -0.245984 0.293153 -0.989950 -1.156711 -0.801261 1 0200.jpg

201 0.766044 0.642788 0.000000 0.000000 0.000000 -1.245280 -1.303563 1 0201.jpg

202 0.707733 0.593858 -0.245984 0.293153 1.060660 -1.168990 -0.870898 1 0202.jpg

203 0.541675 0.454519 -0.454519 0.541675 1.500000 -0.984808 0.173648 1 0203.jpg

204 0.293153 0.245984 -0.593858 0.707733 1.060660 -0.800626 1.218195 1 0204.jpg

205 -0.000000 -0.000000 -0.642788 0.766044 -0.000000 -0.724335 1.650860 1 0205.jpg

206 -0.293153 -0.245984 -0.593858 0.707733 -1.060660 -0.800626 1.218195 1 0206.jpg

207 -0.541675 -0.454519 -0.454519 0.541675 -1.500000 -0.984808 0.173648 1 0207.jpg

208 -0.707733 -0.593858 -0.245984 0.293153 -1.060660 -1.168990 -0.870898 1 0208.jpg

209 0.766044 0.642788 0.000000 0.000000 0.000000 -1.262645 -1.402044 1 0209.jpg

210 0.707733 0.593858 -0.245984 0.293153 1.131371 -1.181268 -0.940535 1 0210.jpg

211 0.541675 0.454519 -0.454519 0.541675 1.600000 -0.984808 0.173648 1 0211.jpg

212 0.293153 0.245984 -0.593858 0.707733 1.131371 -0.788347 1.287831 1 0212.jpg

213 -0.000000 -0.000000 -0.642788 0.766044 -0.000000 -0.706971 1.749341 1 0213.jpg

214 -0.293153 -0.245984 -0.593858 0.707733 -1.131371 -0.788347 1.287831 1 0214.jpg

215 -0.541675 -0.454519 -0.454519 0.541675 -1.600000 -0.984808 0.173648 1 0215.jpg

216 -0.707733 -0.593858 -0.245984 0.293153 -1.131371 -1.181268 -0.940534 1 0216.jpg

217 0.766044 0.642788 0.000000 0.000000 0.000000 -1.280010 -1.500525 1 0217.jpg

218 0.707733 0.593858 -0.245984 0.293153 1.202082 -1.193547 -1.010171 1 0218.jpg

219 0.541675 0.454519 -0.454519 0.541675 1.700000 -0.984808 0.173648 1 0219.jpg

220 0.293153 0.245984 -0.593858 0.707733 1.202082 -0.776069 1.357468 1 0220.jpg

221 -0.000000 -0.000000 -0.642788 0.766044 -0.000000 -0.689606 1.847822 1 0221.jpg

222 -0.293153 -0.245984 -0.593858 0.707733 -1.202081 -0.776069 1.357468 1 0222.jpg

223 -0.541675 -0.454519 -0.454519 0.541675 -1.700000 -0.984808 0.173648 1 0223.jpg

224 -0.707733 -0.593858 -0.245984 0.293153 -1.202082 -1.193547 -1.010171 1 0224.jpg

225 0.766044 0.642788 0.000000 0.000000 0.000000 -1.297375 -1.599006 1 0225.jpg

226 0.707733 0.593858 -0.245984 0.293153 1.272792 -1.205826 -1.079807 1 0226.jpg

227 0.541675 0.454519 -0.454519 0.541675 1.800000 -0.984808 0.173648 1 0227.jpg

228 0.293153 0.245984 -0.593858 0.707733 1.272792 -0.763790 1.427104 1 0228.jpg

229 -0.000000 -0.000000 -0.642788 0.766044 -0.000000 -0.672241 1.946302 1 0229.jpg

230 -0.293153 -0.245984 -0.593858 0.707733 -1.272792 -0.763790 1.427104 1 0230.jpg

231 -0.541675 -0.454519 -0.454519 0.541675 -1.800000 -0.984808 0.173648 1 0231.jpg

232 -0.707733 -0.593858 -0.245984 0.293153 -1.272792 -1.205826 -1.079807 1 0232.jpg

233 0.766044 0.642788 0.000000 0.000000 0.000000 -1.314739 -1.697487 1 0233.jpg

234 0.707733 0.593858 -0.245984 0.293153 1.343503 -1.218105 -1.149444 1 0234.jpg

235 0.541675 0.454519 -0.454519 0.541675 1.900000 -0.984808 0.173648 1 0235.jpg

236 0.293153 0.245984 -0.593858 0.707733 1.343503 -0.751511 1.496740 1 0236.jpg

237 -0.000000 -0.000000 -0.642788 0.766044 -0.000000 -0.654876 2.044783 1 0237.jpg

238 -0.293153 -0.245984 -0.593858 0.707733 -1.343503 -0.751511 1.496740 1 0238.jpg

239 -0.541675 -0.454519 -0.454519 0.541675 -1.900000 -0.984808 0.173648 1 0239.jpg

240 -0.707733 -0.593858 -0.245984 0.293153 -1.343503 -1.218105 -1.149444 1 0240.jpg

241 0.766044 0.642788 0.000000 0.000000 0.000000 -1.332104 -1.795967 1 0241.jpg

242 0.707733 0.593858 -0.245984 0.293153 1.414214 -1.230384 -1.219080 1 0242.jpg

243 0.541675 0.454519 -0.454519 0.541675 2.000000 -0.984808 0.173648 1 0243.jpg

244 0.293153 0.245984 -0.593858 0.707733 1.414214 -0.739232 1.566377 1 0244.jpg

245 -0.000000 -0.000000 -0.642788 0.766044 -0.000000 -0.637511 2.143264 1 0245.jpg

246 -0.293153 -0.245984 -0.593858 0.707733 -1.414213 -0.739232 1.566377 1 0246.jpg

247 -0.541675 -0.454519 -0.454519 0.541675 -2.000000 -0.984808 0.173648 1 0247.jpg

248 -0.707733 -0.593858 -0.245984 0.293153 -1.414214 -1.230384 -1.219080 1 0248.jpg

249 0.766044 0.642788 0.000000 0.000000 0.000000 -1.349469 -1.894448 1 0249.jpg

250 0.707733 0.593858 -0.245984 0.293153 1.484924 -1.242662 -1.288717 1 0250.jpg

251 0.541675 0.454519 -0.454519 0.541675 2.100000 -0.984808 0.173648 1 0251.jpg

252 0.293153 0.245984 -0.593858 0.707733 1.484924 -0.726953 1.636013 1 0252.jpg

253 -0.000000 -0.000000 -0.642788 0.766044 -0.000000 -0.620147 2.241745 1 0253.jpg

254 -0.293153 -0.245984 -0.593858 0.707733 -1.484924 -0.726953 1.636013 1 0254.jpg

255 -0.541675 -0.454519 -0.454519 0.541675 -2.100000 -0.984808 0.173648 1 0255.jpg

256 -0.707733 -0.593858 -0.245984 0.293153 -1.484924 -1.242662 -1.288716 1 0256.jpg

257 0.766044 0.642788 0.000000 0.000000 0.000000 -1.366834 -1.992929 1 0257.jpg

258 0.707733 0.593858 -0.245984 0.293153 1.555635 -1.254941 -1.358353 1 0258.jpg

259 0.541675 0.454519 -0.454519 0.541675 2.200000 -0.984808 0.173648 1 0259.jpg

260 0.293153 0.245984 -0.593858 0.707733 1.555635 -0.714675 1.705650 1 0260.jpg

261 -0.000000 -0.000000 -0.642788 0.766044 -0.000000 -0.602782 2.340226 1 0261.jpg

262 -0.293153 -0.245984 -0.593858 0.707733 -1.555635 -0.714675 1.705650 1 0262.jpg

263 -0.541675 -0.454519 -0.454519 0.541675 -2.200000 -0.984808 0.173648 1 0263.jpg

264 -0.707733 -0.593858 -0.245984 0.293153 -1.555635 -1.254941 -1.358353 1 0264.jpg

265 0.766044 0.642788 0.000000 0.000000 0.000000 -1.384199 -2.091410 1 0265.jpg

266 0.707733 0.593858 -0.245984 0.293153 1.626346 -1.267220 -1.427990 1 0266.jpg

267 0.541675 0.454519 -0.454519 0.541675 2.300000 -0.984808 0.173648 1 0267.jpg

268 0.293153 0.245984 -0.593858 0.707733 1.626346 -0.702396 1.775286 1 0268.jpg

269 -0.000000 -0.000000 -0.642788 0.766044 -0.000000 -0.585417 2.438706 1 0269.jpg

270 -0.293153 -0.245984 -0.593858 0.707733 -1.626345 -0.702396 1.775286 1 0270.jpg

271 -0.541675 -0.454519 -0.454519 0.541675 -2.300000 -0.984808 0.173648 1 0271.jpg

272 -0.707733 -0.593858 -0.245984 0.293153 -1.626346 -1.267220 -1.427989 1 0272.jpg

273 0.766044 0.642788 0.000000 0.000000 0.000000 -1.401564 -2.189891 1 0273.jpg

274 0.707733 0.593858 -0.245984 0.293153 1.697056 -1.279499 -1.497626 1 0274.jpg

275 0.541675 0.454519 -0.454519 0.541675 2.400000 -0.984808 0.173648 1 0275.jpg

276 0.293153 0.245984 -0.593858 0.707733 1.697056 -0.690117 1.844923 1 0276.jpg

277 -0.000000 -0.000000 -0.642788 0.766044 -0.000000 -0.568052 2.537187 1 0277.jpg

278 -0.293153 -0.245984 -0.593858 0.707733 -1.697056 -0.690117 1.844923 1 0278.jpg

279 -0.541675 -0.454519 -0.454519 0.541675 -2.400000 -0.984808 0.173648 1 0279.jpg

280 -0.707733 -0.593858 -0.245984 0.293153 -1.697057 -1.279499 -1.497626 1 0280.jpg

281 0.766044 0.642788 0.000000 0.000000 0.000000 -1.418928 -2.288372 1 0281.jpg

282 0.707733 0.593858 -0.245984 0.293153 1.767767 -1.291777 -1.567263 1 0282.jpg

283 0.541675 0.454519 -0.454519 0.541675 2.500000 -0.984808 0.173648 1 0283.jpg

284 0.293153 0.245984 -0.593858 0.707733 1.767767 -0.677838 1.914559 1 0284.jpg

285 -0.000000 -0.000000 -0.642788 0.766044 -0.000000 -0.550687 2.635668 1 0285.jpg

286 -0.293153 -0.245984 -0.593858 0.707733 -1.767767 -0.677838 1.914559 1 0286.jpg

287 -0.541675 -0.454519 -0.454519 0.541675 -2.500000 -0.984808 0.173648 1 0287.jpg

288 -0.707733 -0.593858 -0.245984 0.293153 -1.767767 -1.291777 -1.567262 1 0288.jpg

289 0.766044 0.642788 0.000000 0.000000 0.000000 -1.436293 -2.386852 1 0289.jpg

290 0.707733 0.593858 -0.245984 0.293153 1.838478 -1.304056 -1.636899 1 0290.jpg

291 0.541675 0.454519 -0.454519 0.541675 2.600000 -0.984808 0.173648 1 0291.jpg

292 0.293153 0.245984 -0.593858 0.707733 1.838478 -0.665559 1.984195 1 0292.jpg

293 -0.000000 -0.000000 -0.642788 0.766044 -0.000000 -0.533322 2.734149 1 0293.jpg

294 -0.293153 -0.245984 -0.593858 0.707733 -1.838477 -0.665559 1.984195 1 0294.jpg

295 -0.541675 -0.454519 -0.454519 0.541675 -2.600000 -0.984808 0.173648 1 0295.jpg

296 -0.707733 -0.593858 -0.245984 0.293153 -1.838478 -1.304056 -1.636898 1 0296.jpg

297 0.766044 0.642788 0.000000 0.000000 0.000000 -1.453658 -2.485333 1 0297.jpg

298 0.707733 0.593858 -0.245984 0.293153 1.909189 -1.316335 -1.706535 1 0298.jpg

299 0.541675 0.454519 -0.454519 0.541675 2.700000 -0.984808 0.173648 1 0299.jpg

300 0.293153 0.245984 -0.593858 0.707733 1.909189 -0.653281 2.053832 1 0300.jpg

301 -0.000000 -0.000000 -0.642788 0.766044 -0.000000 -0.515958 2.832630 1 0301.jpg

302 -0.293153 -0.245984 -0.593858 0.707733 -1.909188 -0.653281 2.053832 1 0302.jpg

303 -0.541675 -0.454519 -0.454519 0.541675 -2.700000 -0.984808 0.173648 1 0303.jpg

304 -0.707733 -0.593858 -0.245984 0.293153 -1.909189 -1.316335 -1.706535 1 0304.jpg

305 0.766044 0.642788 0.000000 0.000000 0.000000 -1.471023 -2.583814 1 0305.jpg

306 0.707733 0.593858 -0.245984 0.293153 1.979899 -1.328614 -1.776172 1 0306.jpg

307 0.541675 0.454519 -0.454519 0.541675 2.800000 -0.984808 0.173648 1 0307.jpg

308 0.293153 0.245984 -0.593858 0.707733 1.979899 -0.641002 2.123468 1 0308.jpg

309 -0.000000 -0.000000 -0.642788 0.766044 -0.000000 -0.498593 2.931110 1 0309.jpg

310 -0.293153 -0.245984 -0.593858 0.707733 -1.979899 -0.641002 2.123468 1 0310.jpg

311 -0.541675 -0.454519 -0.454519 0.541675 -2.800000 -0.984808 0.173648 1 0311.jpg

312 -0.707733 -0.593858 -0.245984 0.293153 -1.979899 -1.328614 -1.776171 1 0312.jpg

313 0.766044 0.642788 0.000000 0.000000 0.000000 -1.488388 -2.682295 1 0313.jpg

314 0.707733 0.593858 -0.245984 0.293153 2.050610 -1.340893 -1.845808 1 0314.jpg

315 0.541675 0.454519 -0.454519 0.541675 2.900000 -0.984808 0.173648 1 0315.jpg

316 0.293153 0.245984 -0.593858 0.707733 2.050610 -0.628723 2.193105 1 0316.jpg

317 -0.000000 -0.000000 -0.642788 0.766044 -0.000000 -0.481228 3.029591 1 0317.jpg

318 -0.293153 -0.245984 -0.593858 0.707733 -2.050610 -0.628723 2.193105 1 0318.jpg

319 -0.541675 -0.454519 -0.454519 0.541675 -2.900000 -0.984808 0.173648 1 0319.jpg

320 -0.707733 -0.593858 -0.245984 0.293153 -2.050610 -1.340893 -1.845808 1 0320.jpg

